2 2
4 4
3 3
1 1
0 0
11 48
2 49
3 50
4 51
5 52
6 53
7 54
8 55
9 56
10 57
30 65
56 18
48 66
43 92
46 67
58 20
57420 12
27 93
51 44
3677 525
29 17
32 68
3667 127
57424 40
18 69
3663 35
28 10
13 61
1 27
33 70
59 112
68 121
87 122
88 123
91 61440
92 61441
93 61442
99 61443
100 61444
101 61445
102 61446
60 113
103 61447
104 61448
105 61449
106 61450
107 61451
61 114
62 115
63 116
64 117
65 118
66 119
67 120
34 71
35 72
123 242
3655 36
23 73
3666 155
36 74
37 75
121 25
112 241
38 76
57419 37
50 77
3675 157
12 45
49 78
69 144
24 79
26 91
25 80
3665 34
3657 33
3653 19
52 46
3639 154
16 81
40 222
19 82
57421 39
31 83
70 145
39 59
83 108
42 16
53 47
57 32
20 84
15 9
22 85
0 0
115 523
57416 38
47 86
17 87
45 88
21 89
44 90
